virtual_robot:
  start_pose: [0.025569883796432546, 0.2982367894650326, -0.36923950133002137, -0.0055797832242513445, -1.4242512119749335, 0.025877470099944233 ]
  end_pose: [0.025569883796432546, 0.2982367894650326, -0.36923950133002137, -0.0055797832242513445, -1.4242512119749335, 0.025877470099944233 ]
  log_path: "/home/controller/catkin_ws/"
  max_attempts: 5000 #Ak binpose emulator neprejde vsetky polohy, tak toto ho zastavi

